26.89778994635192
28.735242641859582
31.685311042458974
34.53247117827534
34.617238614972315
34.69798887345444
34.85800181783482
35.07654800176628
35.372279442008804
34.10357348059379
34.78132049970883
33.607081884207254
34.88570556100386
34.717663853288165
35.21001567108859
34.27810782464341
34.422569557349355
35.47892250074834
33.9237123494882
34.02364918047901
35.329089765598525
35.00449885410869
33.246057531196016
33.69265809708712
34.45173493863501
32.51787793911681
33.78313280396708
35.80874514970363
35.39283682642507
32.52298117475332
34.60998067315094
35.28090840413026
34.73728935519008
34.60343344361399
34.8912157657886
33.246368212098176
35.17851599888568
34.14009457184973
34.892907703716745
34.66022368891889
32.154927845301124
35.387100874800296
33.31320580974013
34.92443840172565
34.6606292287814
32.918899575150164
33.18200991827058
33.19071202352079
33.361118163241564
34.71155326008709
34.12790879791844
33.61759838148198
34.680524241441795
34.73409474947371
34.33268442886742
34.34108427740113
34.1800716752396
35.076356675879474
34.153319998906476
32.551589025614774
34.01330915903984
32.971176463759775
34.74735804873497
33.619527521462274
35.096685366974974
34.66725838790127
32.48186910889638
34.37650886778087
33.84042298080891
33.152944919574544
34.20783920590528
34.06824575741652
33.844541595687836
35.07262451219782
33.362570901427404
33.00791155699424
34.84685543671952
34.373773954541115
32.52028056382323
34.32480601698125
34.88210643501988
35.16485176264224
33.946646012289975
34.94402013589082
33.04407217004839
35.1028194020848
35.2432759217602
33.56839516716656
34.813798926193776
35.20479437957931
33.31545583844216
30.829792335072927
33.78207242144557
35.15038115134056
33.99616626729024
34.36884383894619
33.3498158762716
34.37459806039087
34.87889625446907
34.14860736515549
34.448509334274675
33.97624975942202
33.06095950144582
34.51643775880067
34.64757061315592
34.700014717457044
34.36586129063374
35.17983724466733
33.00439563084607
35.765055269419044
35.319187685852455
34.606931667269485
32.79118556890675
34.74040746932263
33.92524319225163
33.90616361354991
33.08320328850062
34.95636459592939
34.30141627787977
34.12855774113631
34.37693532272978
34.131621503300856
35.622558914375496
34.09363798704357
34.21380787323593
33.74179948703193
34.7646553017975
34.51077645229441
33.71354316970081
34.97662953920955
34.79801122398206
33.15652627942458
34.36525193115639
34.28086711636959
34.282579374110874
34.39408966982025
34.44951255541353
33.8203072459419
31.34769976137961
34.303650982116785
33.1269574879229
34.779085137795974
33.41276538301273
35.75585271912928
35.26508889334948
33.17374085024696
31.876345008928272
32.66573789530512
33.86302479796315
33.566797901456106
33.618546657527865
33.98531135412453
33.603081950497675
34.437611077180435
34.72176174965464
34.908452899199354
33.432111796536574
34.69019199181904
34.035339158107945
34.05147110269954
34.21528737100161
34.093145838267134
35.41801639318597
32.863935139653364
35.007163931808215
34.23777120241449
33.32752833956677
35.056156206193926
34.38741126837049
35.01150446336444
33.51488753347094
33.90792452895452
34.76862262202769
34.628747870066185
33.610932230411905
34.51083613391265
35.26797598828288
33.43645040454157
34.85647317214624
34.65390024182216
35.20313509553183
35.3679658869338
33.37728712292901
33.44583636233
33.391475567160256
33.1711268897131
33.07477655101371
35.63394598450097
35.0251401075347
31.736276121244547
33.65842210852691
35.44035378526886
32.972754955757146
31.543912524771613
33.51346574017535
32.507047196739435
33.7740045327462
32.68173523571466
34.28482129818806
34.429649871957686
