26.89778994635192
28.735242641859582
31.685311042458974
34.53247117827534
34.617238614972315
34.69798887345444
34.85800181783482
35.07654800176628
35.372279442008804
34.10357348059379
34.78132049970883
33.607081884207254
34.88570556100386
34.717663853288165
35.21001567108859
34.27810782464341
34.422569557349355
35.47892250074834
33.9237123494882
34.02364918047901
35.329089765598525
35.00449885410869
33.246057531196016
33.69265809708712
34.45173493863501
32.51787793911681
33.78313280396708
35.80874514970363
35.39283682642507
32.52298117475332
34.60998067315094
35.28090840413026
34.73728935519008
34.60343344361399
34.8912157657886
33.246368212098176
35.17851599888568
34.14009457184973
34.892907703716745
34.66022368891889
32.154927845301124
35.387100874800296
33.31320580974013
34.92443840172565
34.6606292287814
32.918899575150164
33.18200991827058
33.19071202352079
33.361118163241564
34.71155326008709
34.12790879791844
33.61759838148198
34.680524241441795
34.73409474947371
34.33268442886742
34.34108427740113
34.1800716752396
35.076356675879474
34.153319998906476
32.551589025614774
34.01330915903984
32.971176463759775
34.74735804873497
33.619527521462274
35.096685366974974
34.66725838790127
32.48186910889638
34.37650886778087
33.84042298080891
33.152944919574544
34.20783920590528
34.06824575741652
33.844541595687836
35.07262451219782
33.362570901427404
33.00791155699424
34.84685543671952
34.373773954541115
32.52028056382323
34.32480601698125
34.88210643501988
35.16485176264224
33.946646012289975
34.94402013589082
33.04407217004839
35.1028194020848
35.2432759217602
33.56839516716656
34.813798926193776
35.20479437957931
33.31545583844216
30.829792335072927
33.78207242144557
35.15038115134056
33.99616626729024
34.36884383894619
33.3498158762716
34.37459806039087
34.87889625446907
34.14860736515549
34.448509334274675
33.97624975942202
33.06095950144582
34.51643775880067
34.64757061315592
34.700014717457044
34.36586129063374
35.17983724466733
33.00439563084607
35.765055269419044
35.319187685852455
34.606931667269485
32.79118556890675
34.74040746932263
33.92524319225163
33.90616361354991
33.08320328850062
34.95636459592939
34.30141627787977
34.12855774113631
34.37693532272978
34.131621503300856
35.622558914375496
34.09363798704357
34.21380787323592
33.7417994870319
34.7646553017975
34.51077645229439
33.71354316970068
34.976629539209995
34.79801122398196
33.15652627942223
34.365251931154845
34.28086711636958
34.282579374114576
34.39408966981989
34.44951255541257
33.820307245936846
31.347699761379964
34.303650982114334
33.12695748791651
34.77908513778604
33.41276538301691
35.75585271913251
35.265088893325185
33.17374085028171
31.876345009018447
32.66573789503013
33.86302479792661
33.566797901240285
33.61854665715577
33.98531135352402
33.603081951171895
34.43761107786218
34.72176175027171
34.908452902466856
33.43211178914431
34.690191991487914
34.03533916130546
34.05147126370966
34.21528737418894
34.093145767322206
35.41801626852211
32.86393431859764
35.007163880479794
34.23776471224663
33.32752393014766
35.05615474899974
34.387413213839665
35.01150410540945
33.514226320642045
33.90756482789276
34.76978185918661
34.65972745006034
33.60582071276336
34.505806110248486
35.290222198043836
33.85024521310239
34.872379363194035
34.642973534857674
34.13299792674972
35.09036598665625
34.54157434376306
34.309807341141926
34.93709571787345
32.60829568854076
35.32705479819978
32.77056511527219
33.75819098499151
34.021992704376544
35.1957070224889
33.99442213904536
33.19936365559391
34.68541625829394
34.16887925306244
33.78689225256423
35.158840972436344
34.33022447536716
33.75604409883451
34.20743235414101
